ASC_CAR = -0.15463267198926534
ASC_TRAIN = -0.7011872849436435
B_COST = -1.083790037120771
B_TIME = -1.2778589565196676
